//上传错误报告
POST /NCDPOCT_Server/UpLoadDeviceError HTTP/1.1
Host: 116.62.108.201:8080
Connection: keep-alive
Content-Length: 88
Content-Type:application/x-www-form-urlencoded;charset=GBK
Accept-Language: zh-CN,zh;q=0.8

errorcode=1008&testtime=2017-5-16 16:25:10&dsc=读取失败&deviceId=ncd-device&operatorId=4

//上传荧光分析仪数据
POST /NCDPOCT_Server/YGFXY_Data HTTP/1.1
Host: 192.168.0.5:8080
Connection: keep-alive
Content-Length: 1315
Content-Type:application/x-www-form-urlencoded;charset=GBK
Accept-Language: zh-CN,zh;q=0.8

userId=4&deviceId=ncd-device&itemCode=NT_proBNP&sampleid=1234567&series=[238,242,245,247,249,251,252,253,255,256,257,258,259,260,261,262,262,263,264,264,265,265,265,266,265,265,265,265,264,264,264,264,263,263,263,263,263,263,263,263,263,263,263,263,263,263,263,263,264,264,264,265,265,265,265,266,266,266,266,267,267,267,268,268,268,268,269,269,269,270,270,270,271,271,271,272,272,272,273,273,274,274,275,275,276,277,277,278,279,280,281,282,282,283,284,285,285,286,286,286,287,287,286,286,286,286,285,285,284,284,284,283,283,282,282,282,281,281,281,281,280,280,280,280,280,280,280,280,280,280,281,281,282,284,287,291,296,305,317,335,360,395,443,506,587,687,805,943,1098,1266,1440,1614,1776,1919,2036,2120,2167,2174,2143,2076,1974,1844,1693,1530,1361,1196,1041,898,771,661,565,485,419,366,324,292,266,247,233,222,214,208,204,200,198,196,194,193,192,191,191,190,190,190,189,189,189,189,188,188,188,188,188,188,188,188,188,188,188,188,188,188,189,189,189,189,189,189,189,189,189,189,190,191,192,194,196,199,204,209,217,226,237,250,265,282,301,320,340,359,377,393,407,418,424,427,425,420,410,397,381,363,344,324,304,285,267,251,237,225,214,206,199,194,190,186,184,182,181,180,179,179,178,178,178,178,178,178,178,178,178,178,178,178,178,178,178,178,178,178,178,178,179,179,179,179,179,179,179,179]&testv=1234&t_isok=true